242
538
563
810
1981
2064
2096
2271
2499
2879
2994
3050
3385
3411
3454
3501
3713
3876
4465
4638
4942
6326
6358
6756
7748
8134
8618
8846
9206
9419
9772
10163
11064
11781
12402
12777
13116
13373
13608
13785
14553
14580
14679
14917
16534
17018
17345
18230
18503
18537
18687
18700
19253
19689
21270
21733
21927
22012
22058
22312
22643
22732
23180
23673
24348
25591
25644
25950
27190
27272
27307
27450
27911
27997
28060
28305
28562
28754
28977
29048
29134
29356
29521
30024
30172
30661
30877
31067
32617
32930
33195
33207
33444
33545
34308
34649
34702
35009
35239
35915
36105
36117
36158
36260
36665
37223
37240
37247
37297
38336
38640
38887
39027
39086
39093
39426
39766
40171
40230
40379
40484
40946
41198
41454
41558
41599
41603
41753
42139
42591
42681
43054
43617
44169
44917
45459
46241
46649
46826
47087
47152
47690
47869
48033
48151
49051
49077
49415
49524
49631
49959
49984
50225
50414
50792
50914
51050
51149
51937
51959
52725
53166
53438
53515
53541
53741
53827
53986
54203
54554
54595
54664
55472
55911
56180
56380
56605
56747
57055
57360
57408
57945
58022
58751
59093
59165
59555
59865
60126
60403
60441
60789
61336
61416
62067
62450
62472
62640
63044
63296
63620
64288
64487
64904
64984
65140
65561
65579
65961
66225
66716
66757
67405
67474
67511
67530
67793
68042
68263
68516
68728
69701
70252
70377
70406
70837
70934
71308
71596
71642
71696
71736
71952
72011
72100
72209
72277
72338
72396
72443
72752
72781
72975
73131
73459
73598
73672
73789
73955
74293
74644
74777
74874
75281
75600
76236
76313
76952
76990
77909
77932
77950
77988
78191
78305
78377
78398
78401
78645
78710
78796
79468
79716
79924
79974
80355
80364
81982
82185
82351
82985
83113
83328
83842
84296
84341
84612
84617
84714
85002
85265
85325
85387
85485
85933
86067
87055
87244
87551
87564
87813
88975
89404
89509
89850
90476
90839
91004
91135
91336
91613
91762
91928
92268
92426
92814
93127
93685
94302
94496
94538
94608
94925
95182
95678
96757
96835
97084
97112
97943
98006
98028
98610
98693
99252
99620
100123
100365
101224
101485
101655
102368
102532
102658
102773
103190
103538
103604
104054
104186
104552
104650
104679
104827
106462
107314
107682
108132
108553
108853
108924
109750
109826
110012
110018
110406
110416
110551
110855
111279
111729
111906
112131
112888
113427
113462
113792
114094
114384
115639
116549
116642
117924
118990
119716
120691
120961
121261
121541
121857
122219
122428
122450
122492
123905
124236
125913
126974
128431
128712
128755
128788
128819
129352
129521
129594
129786
130815
131522
131794
132334
133337
133501
133963
134437
135324
135345
135675
135833
135901
135904
136859
137787
138509
140105
141107
141124
141186
141369
141468
141910
142242
142918
143565
144119
147589
148060
148930
150273
150979
151042
151379
151723
152330
154066
154108
154703
154779
155410
156402
157227
158107
158711
158861
159153
159175
159234
159611
160150
160311
160563
161519
161723
162188
162910
163020
163072
164015
164116
164156
164196
164488
164525
164575
164602
164635
164864
165253
165427
165677
165697
166225
167340
167343
167391
168216
168238
168357
168421
168636
168897
168988
169282
169553
170756
170958
170997
171106
171315
171538
171666
171677
171841
171951
172052
172471
172483
173034
173124
173346
174209
174741
175103
175249
176003
176244
176786
176798
177373
177511
177545
177668
178087
178112
178158
178361
178452
178476
178566
178625
179036
179043
179054
179174
179583
179965
180298
180384
180473
180538
180720
181071
181473
181800
182284
182422
182485
182738
182827
183509
183656
184137
184380
184454
184575
185043
186453
186747
187264
187437
187577
187620
187760
187830
187917
188261
188370
188415
188871
189212
189439
189772
190470
190608
190762
190776
190922
191058
191944
192018
192767
192825
193818
194018
194092
194587
194929
194973
195043
195116
195207
195218
195285
195318
195703
196163
196219
196280
196609
196857
196866
196870
197145
197942
198203
198340
198490
198581
198590
198628
198711
198864
198889
199079
200139
200443
200547
200814
202070
203214
203291
203468
203507
203577
203666
204065
204190
204640
204712
204719
205266
205341
205486
205821
206698
207089
207506
207669
208250
208255
208571
208982
209241
209563
209582
209677
209689
210012
210433
210490
210536
211304
211433
211587
211623
212486
212861
212948
213842
213883
213948
215456
215480
215630
216050
216106
216149
216766
216768
216891
216931
217336
217516
217717
217798
217839
218033
218252
218545
218842
218955
219704
219757
220190
221022
221087
221132
221173
221562
221755
221757
221782
221869
221910
222169
222219
222474
222548
222641
223316
223385
223439
223540
224011
224105
224107
224180
224314
224512
224700
224876
225070
226036
226386
226422
226524
226740
226748
226757
227804
227897
229022
229239
229270
229436
229556
230093
230235
230295
230858
231399
233502
233707
234035
234058
234168
234239
234860
235078
235165
235486
235889
235891
236550
236823
236949
237260
237498
237636
237742
237761
237925
238884
238909
239063
240336
240647
240684
240941
241064
241075
241085
241100
241314
242579
242707
243447
243973
244170
244173
244230
244385
244626
244750
245417
245584
245958
246490
246940
246993
247279
247720
247733
248875
249146
249605
249611
249803
249951
249968
250647
250738
251542
252228
252809
253357
253372
253753
